2	北京	116.427282	39.903716
3	北京南	116.379092	39.864881
4	北京西	116.321337	39.894966
5	广州南	113.269462	22.988878
6	重庆北	106.550967	29.608358
9	广州东	113.32471	23.149617
10	上海	121.455148	31.248732
11	上海南	121.429489	31.153304
12	上海虹桥	121.320876	31.194237
13	上海西	121.402728	31.262721
15	天津	117.209202	39.135483
16	天津南	117.060761	39.057057
17	天津西	117.163261	39.158447
18	长春	125.324108	43.909914
20	长春西	125.20111	43.876921
21	成都东	104.141625	30.62886
22	成都南	104.068464	30.605893
23	成都	104.073403	30.696772
25	长沙南	113.063633	28.146749
26	福州	119.319633	26.112957
27	福州南	119.390021	25.98578
28	贵阳	106.703163	26.556883
29	广州	113.257633	23.148876
31	哈尔滨	126.632979	45.761554
33	哈尔滨西	126.578564	45.706451
34	合肥	117.31668	31.884784
36	呼和浩特东	111.765567	40.850342
37	呼和浩特	111.665793	40.830895
38	海口东	110.343103	19.983627
40	海口	110.162554	20.027465
41	杭州东	120.213041	30.291089
42	杭州	120.18252	30.243753
44	济南	116.991734	36.670651
46	济南西	116.892552	36.669033
51	兰州	103.851238	36.034823
52	兰州西	103.752739	36.068391
53	南昌	115.918815	28.662012
54	南京	118.796665	32.086372
55	南京南	118.798175	31.96898
56	南宁	108.31534	22.826642
58	石家庄	114.483011	38.010509
59	沈阳	123.393544	41.795146
60	沈阳北	123.436584	41.818333
65	武汉	114.424252	30.607478
67	乌鲁木齐南	87.586258	43.78034
68	西安北	108.938568	34.376076
71	西宁	101.81383	36.620239
73	郑州	113.660789	34.746514
80	安庆	117.065379	30.549098
85	蚌埠	117.37762	32.943937
87	北海	109.128222	21.453139
93	百色	106.664238	23.885593
96	包头东	110.024867	40.570342
97	包头	109.836057	40.606262
99	本溪	123.759107	41.295286
109	苍南	120.412128	27.527619
118	池州	117.522087	30.619559
120	常州	119.973395	31.785408
127	丹东	124.388029	40.12427
132	敦化	128.242129	43.380599
136	都江堰	103.638499	30.957391
137	大连北	121.607416	39.016775
139	大连	121.632832	38.922303
149	达州	107.453435	31.198531
153	恩施	109.484826	30.348677
154	福鼎	120.190183	27.282795
155	凤凰机场	109.407528	18.3089
159	抚顺北	123.917987	41.888691
166	桂林北	110.301969	25.329235
168	桂林	110.282539	25.261227
173	广州北	113.204561	23.37696
174	赣州	114.964418	25.8195
176	公主岭南	124.815702	43.473132
191	汉口	114.255309	30.618455
197	哈密	93.505869	42.849819
200	海宁西	120.391759	30.438696
206	黄石	114.940824	30.154082
211	贺州	111.539662	24.454154
224	金华南	119.738689	29.114217
225	金华	119.635526	29.110163
226	九江	116.005962	29.704792
227	吉林	126.578014	43.858614
231	集宁南	113.099336	41.031426
233	江山	118.643701	28.771946
241	江油	104.770434	31.781457
243	金州	121.727277	39.087947
245	开封	114.353134	34.771189
249	昆山南	120.950857	31.353254
252	六安	116.500346	31.715173
257	利川	108.940287	30.278346
282	龙岩	117.006442	25.095996
288	洛阳龙门	112.458337	34.593815
293	柳州	109.388712	24.307458
294	辽中	122.771232	41.559091
307	绵阳	104.717547	31.459053
311	宁波	121.536949	29.862082
313	南充	106.086145	30.807573
325	盘锦	122.062019	41.197805
332	郫县西	103.879573	30.823889
335	青城山	103.606666	30.892152
336	青岛	120.313423	36.064599
341	齐齐哈尔	123.995088	47.339429
345	泉州	118.568081	24.973091
346	衢州	118.88088	28.923797
349	瑞金	116.055572	25.863797
354	山海关	119.766748	40.001031
363	遂宁	105.542834	30.542062
365	商丘	115.65697	34.443853
366	上饶	118.006477	28.490461
372	三亚	109.492735	18.296449
374	邵阳	111.461058	27.213477
375	十堰	110.781642	32.603608
378	深圳	114.117206	22.53183
379	苏州	120.610731	31.329673
380	随州	113.417323	31.720941
387	塘沽	117.642561	39.02693
397	唐山北	118.119025	39.817405
400	唐山	118.119548	39.625689
408	武昌	114.317852	30.528647
410	威海	122.144446	37.42429
411	芜湖	118.392744	31.348381
421	无锡	120.305362	31.587292
429	温州南	120.585324	27.966013
437	新会	113.071234	22.517449
441	厦门北	118.074039	24.636219
442	厦门	118.115433	24.468293
451	襄阳	112.154902	32.057829
456	徐州	117.207097	34.265243
457	延安	109.480578	36.557283
461	宜昌东	111.368705	30.658908
479	亚龙湾	109.602276	18.302561
490	营山	106.568704	31.065258
494	烟台	121.382522	37.54807
497	义乌	120.043509	29.378183
498	阳新	115.181117	29.861129
502	崖州	109.157443	18.376817
503	永州	111.571166	26.454129
505	淄博	118.057297	36.789189
508	珠海	113.550064	22.215235
509	珠海北	113.551431	22.40106
511	镇江	119.432796	32.196997
525	枣庄	117.30554	34.78126
531	安达	125.32266	46.402478
532	安德	103.811957	30.874284
538	鳌江	120.545893	27.62562
546	安陆	113.695131	31.25681
550	鞍山西	122.915734	41.117906
552	安亭北	121.158305	31.31446
556	博鳌	110.487377	19.136272
559	蚌埠南	117.441597	32.901631
562	北戴河	119.420099	39.851931
563	保定	115.479253	38.863753
566	巴东	110.357817	30.662827
571	宝华山	119.055706	32.14919
575	北滘	113.263941	22.91527
576	碧江	113.262101	22.950198
618	鲅鱼圈	122.094348	40.18794
624	赤壁北	113.900578	29.735707
647	昌乐	118.838991	36.710527
655	常平	114.006232	22.983291
667	昌图西	124.067808	42.778191
684	常州北	119.955497	31.854055
685	滁州	118.320349	32.198475
690	郴州西	112.96966	25.735955
691	沧州西	116.76789	38.306999
692	德安	115.766664	29.309655
707	东方	108.691492	19.088479
719	德惠西	125.677393	44.545863
741	大庆东	125.123235	46.533519
746	大庆西	124.885966	46.656765
747	东升	113.291663	22.62269
750	登沙河	122.060916	39.221369
760	丹徒	119.520269	32.114958
776	德阳	104.390024	31.166105
777	丹阳	119.592629	32.002104
780	丹阳北	119.670936	32.014536
781	大英东	105.279404	30.567822
784	定远	117.842383	32.574429
790	德州东	116.461465	37.409545
811	鄂州	114.866522	30.361592
812	福安	119.717283	26.834119
815	肥东	117.485729	31.862292
821	奉化	121.464136	29.628235
830	福清	119.38502	25.675652
835	抚顺	123.903057	41.863728
840	富县东	109.398713	36.021252
846	扶余北	126.003141	45.008369
860	谷城	111.602395	32.264809
868	贵港	109.613257	23.099028
885	高密	119.76815	36.392568
892	共青城	115.774905	29.242032
911	巩义南	112.916597	34.670631
917	古镇	113.20568	22.598279
924	冠豸山	116.679175	25.524038
925	盖州西	122.273784	40.404792
928	红安西	114.630979	31.003919
935	合川	106.277404	29.95978
937	汉川	113.813139	30.541545
941	海城西	122.65938	40.914379
948	红光镇	103.944214	30.771434
958	涵江	119.175996	25.491598
967	葫芦岛北	120.76358	40.743347
988	花桥	121.045246	31.335533
992	华山北	110.099097	34.581432
999	惠山	120.199533	31.67024
1004	衡山西	112.789406	27.247774
1021	衡阳东	112.709676	26.896446
1030	湖州	120.023526	30.863435
1057	晋江	118.458709	24.794532
1063	江门	113.103291	22.561139
1064	角美	117.880286	24.526534
1071	金山北	121.089579	30.894218
1073	建始	109.728324	30.567821
1080	嘉善南	120.935639	30.787984
1084	九台南	125.81169	44.02251
1092	嘉兴南	120.79978	30.690965
1105	胶州北	120.05592	36.396508
1108	荆州	112.213109	30.368305
1109	金寨	115.97572	31.625681
1112	锦州南	121.12588	41.016907
1113	焦作	113.234925	35.222865
1129	昆山	120.956936	31.365716
1135	开原西	123.918484	42.549692
1139	灵宝西	110.688911	34.577465
1151	廊坊	116.708118	39.509275
1160	临海	121.246225	28.879883
1172	连江	119.566523	26.194396
1179	龙嘉	125.700812	43.992789
1210	陵水	110.033014	18.53615
1213	丽水	119.953894	28.441475
1217	庐山	115.88205	29.598101
1220	龙山镇	117.362678	24.691875
1222	李石寨	123.72752	41.817263
1240	滦县	118.705792	39.757596
1242	莱阳	120.709011	36.927889
1243	辽阳	123.168998	41.281879
1249	龙游	119.16577	29.003253
1250	罗源	119.577058	26.455762
1254	耒阳西	112.788199	26.414996
1263	兰州新区	103.618829	36.469405
1267	麻城北	114.984773	31.186877
1271	渑池南	111.773815	34.6854
1281	美兰	110.46137	19.941565
1282	汨罗东	113.144065	28.745926
1313	明珠	113.51498	22.268729
1320	宁德	119.583733	26.669308
1325	宁海	121.420178	29.336662
1330	南靖	117.449662	24.578057
1335	南朗	113.534338	22.48966
1349	南头	113.308917	22.71301
1352	南翔北	121.309254	31.281559
1361	蓬安	106.424243	31.000399
1371	瓢儿屯	123.795771	41.843571
1376	平果	107.565752	23.316166
1379	盘锦北	121.807887	41.335531
1392	莆田	119.064082	25.350925
1394	普湾	121.812812	39.330093
1398	郫县	103.907871	30.808264
1416	曲阜东	117.069102	35.556544
1420	琼海	110.491289	19.240211
1421	秦皇岛	119.59203	39.965093
1428	潜江	112.939147	30.389121
1429	全椒	118.281926	32.061666
1444	前山	113.52624	22.234268
1445	戚墅堰	120.067767	31.722879
1446	青田	120.279913	28.136509
1463	清远	113.134569	23.693899
1465	钦州东	108.668383	21.979244
1467	青州市	118.503781	36.771306
1468	瑞安	120.581153	27.766737
1470	瑞昌	115.671356	29.688516
1472	容桂	113.312489	22.751814
1487	双城北	126.27174	45.426856
1497	顺德	113.276591	22.875641
1503	顺德学院	113.32054	22.822305
1504	绅坊	120.992023	28.197143
1510	韶关	113.514421	24.750881
1528	水家湖	117.168891	32.482912
1537	松江南	121.229999	30.983384
1557	萨拉齐	110.5322	40.564453
1562	三门峡南	111.160173	34.748647
1563	三门县	121.363209	29.055158
1569	四平东	124.435935	43.138267
1620	绥中北	120.324497	40.348462
1621	苏州北	120.643315	31.421618
1622	宿州东	117.251064	33.675443
1631	苏州园区	120.710713	31.341177
1632	苏州新区	120.524936	31.371963
1633	泰安	117.035353	36.172188
1634	台安	122.430708	41.445795
1657	唐家湾	113.551852	22.363043
1659	泰康	124.448029	46.871205
1662	铜陵	117.858657	30.919839
1666	铁岭西	123.672317	42.233245
1667	图们北	129.799865	42.997069
1669	天门南	113.456953	30.427446
1670	太姥山	120.224477	27.126927
1673	潼南	105.87798	30.219309
1687	土溪	107.060781	31.014341
1688	桐乡	120.567464	30.537436
1689	田阳	106.935927	23.765933
1696	滕州东	117.257683	35.090542
1697	台州	121.289654	28.685906
1708	文昌	110.737657	19.606514
1719	潍坊	119.098308	36.697159
1722	瓦房店西	121.837837	39.657041
1742	温岭	121.325271	28.479122
1747	渭南北	109.481271	34.536309
1749	万宁	110.381587	18.807867
1757	武清	117.016277	39.372607
1765	无锡东	120.46023	31.596935
1769	无锡新区	120.392207	31.497807
1831	小榄	113.269966	22.64724
1840	仙林	118.912736	32.122743
1848	咸宁北	114.301473	29.898662
1851	犀浦东	103.990865	30.736382
1855	霞浦	120.033225	26.908695
1857	犀浦	103.972417	30.757224
1863	徐水	115.645144	39.03337
1870	杏树屯	122.158214	39.26735
1874	仙桃西	113.140002	30.425014
1892	襄阳东	112.226673	32.097038
1903	徐州东	117.304004	34.267591
1919	阳澄湖	120.861909	31.380605
1941	雁荡山	121.152086	28.341667
1942	于都	115.416924	25.975525
1944	英德西	113.350458	24.160398
1950	余杭	120.295452	30.380725
1954	永嘉	120.695341	28.069111
1966	营口东	122.428897	40.625291
1980	玉门	97.927348	39.814306
1981	云梦	113.7383	31.021074
1990	阳泉北	113.438244	38.115185
1991	乐清	120.859754	28.084421
2017	永修	115.816248	29.020236
2018	弋阳	117.445175	28.4109
2021	岳阳东	113.207647	29.366583
2036	中川机场	103.61598	36.504134
2043	正定	114.556917	38.162601
2044	肇东	125.998261	46.076712
2050	枝江北	111.772237	30.477026
2055	诸暨	120.185436	29.727684
2056	镇江南	119.424136	32.152451
2067	樟木头	114.067717	22.901235
2077	章丘	117.499204	36.722255
2080	中山北	113.382517	22.557938
2082	中山	113.433368	22.544159
2096	枣阳	112.761668	32.069954
2102	漳州	117.716038	24.456973
2109	株洲西	113.068768	27.790789
2110	郑州西	113.424941	34.745489
2112	安图西	128.894243	43.113258
2113	安阳东	114.452728	36.084028
2115	保定东	115.601492	38.864142
2116	白沟	116.101829	39.081157
2117	滨海	117.6111	39.080818
2118	滨海北	117.762185	39.236073
2119	宝鸡南	107.231122	34.334085
2120	北井子	116.920286	43.031725
2121	白马井	109.251061	19.653674
2123	璧山	106.224108	29.503869
2125	本溪新城	123.677189	41.480797
2127	宾阳	109.091996	23.216503
2128	白洋淀	115.874326	39.069321
2129	百宜	106.851988	26.707875
2133	霸州西	116.350402	39.093444
2135	巢湖东	117.924903	31.617585
2136	从江	109.114834	25.908873
2137	长临河	117.483248	31.698254
2140	长寿北	107.074985	29.880457
2141	潮汕	116.587789	23.539196
2142	长汀南	116.357518	25.766284
2144	长兴	119.903996	30.990589
2147	潮阳	116.42238	23.380822
2148	城子坦	122.477945	39.495456
2149	东安东	111.337262	26.377544
2151	东戴河	119.847497	40.04194
2152	丹东西	124.262504	39.998548
2154	东港北	124.132004	39.911136
2155	大孤山	123.58567	39.935507
2156	东莞	113.859201	23.089194
2158	大荔	109.92587	34.834516
2160	德清	120.059287	30.544334
2162	当涂东	118.52647	31.561131
2163	大通西	101.673855	36.966455
2164	德兴	117.860936	28.957579
2166	大冶北	115.00075	30.122354
2167	都匀东	107.585638	26.165721
2170	定州东	115.07512	38.508258
2171	大足南	105.745606	29.420791
2172	峨眉山	103.466335	29.576462
2173	鄂州东	114.948095	30.361526
2174	防城港北	108.377029	21.713812
2175	凤城东	124.134736	40.464389
2177	繁昌西	118.158967	31.072436
2178	丰都	107.690347	29.845553
2179	涪陵北	107.277532	29.770426
2181	福山镇	121.305896	37.455383
2182	福田	114.056665	22.539096
2184	抚州东	116.616912	28.2604
2185	抚州	116.352574	27.918924
2186	高安	115.385817	28.470522
2187	广安南	106.592707	30.451763
2188	高碑店东	115.9464	39.2886
2189	恭城	110.869969	24.83037
2190	贵定北	107.232534	26.593033
2191	葛店南	114.660061	30.490325
2192	贵定县	107.22927	26.581349
2193	广汉北	104.275792	31.009127
2195	桂林西	110.267176	25.35462
2196	光明城	113.954286	22.732865
2197	广宁	112.426086	23.585314
2198	广宁寺	121.813885	39.189029
2199	桂平	110.116405	23.316069
2201	古田北	118.665271	26.461859
2203	高台南	99.769807	39.294954
2204	古田会址	116.772577	25.184158
2205	贵阳北	106.674231	26.619282
2206	高邑西	114.531152	37.629509
2207	惠安	118.714828	25.057271
2208	鹤壁东	114.300183	35.70579
2210	珲春	130.402415	42.902013
2211	邯郸东	114.558896	36.619724
2212	惠东	114.794403	22.845442
2213	海东西	102.055562	36.509439
2214	洪洞西	111.581276	36.253819
2215	哈尔滨北	126.536029	45.850645
2216	合肥北城	117.25268	32.063449
2217	合肥南	117.290854	31.799213
2218	黄冈	114.943646	30.48636
2219	黄冈东	114.985024	30.50742
2220	横沟桥东	114.374448	29.933683
2221	黄冈西	114.887767	30.50388
2223	怀化南	109.992897	27.512446
2224	黄河景区	113.532876	34.931268
2225	花湖	115.022328	30.26118
2226	怀集	112.159454	23.892349
2228	黄流	108.831005	18.528709
2229	黄陵南	109.387598	35.581919
2230	鲘门	115.125282	22.812585
2231	虎门	113.673298	22.860517
2232	侯马西	111.288167	35.601635
2234	淮南东	117.150792	32.645934
2235	合浦	109.187537	21.622537
2238	华容东	114.786503	30.531945
2239	华容南	114.802946	30.395027
2240	黄石北	115.00775	30.210467
2241	黄山北	118.272306	29.815252
2242	贺胜桥东	114.371963	30.019847
2244	花山南	114.51197	30.528194
2246	海阳北	120.960842	37.069608
2247	花园口	122.620434	39.561617
2248	霍州东	111.837554	36.564671
2249	惠州南	114.492323	22.784548
2251	旌德	118.529048	30.291845
2252	尖峰	108.796744	18.687269
2253	蛟河西	127.301414	43.729601
2254	军粮城北	117.427661	39.066378
2255	将乐	117.479109	26.695725
2257	即墨北	120.394264	36.403793
2258	建宁县北	116.870805	26.915612
2259	江宁	118.898636	31.935474
2260	江宁西	118.595537	31.823563
2261	建瓯西	118.278932	27.049106
2262	酒泉南	98.535587	39.70153
2263	句容西	118.979555	31.832306
2266	绩溪北	118.571287	30.071301
2267	介休东	111.988097	37.052937
2269	泾县	118.388758	30.658777
2270	进贤南	116.234492	28.337337
2271	简阳南	104.518245	30.353668
2272	嘉峪关南	98.309438	39.718047
2274	缙云西	120.055373	28.676867
2275	晋中	112.642638	37.686428
2276	凯里南	107.887315	26.516046
2278	葵潭	115.997932	23.063884
2279	开阳	106.974157	27.041487
2280	隆安东	107.71261	23.148762
2281	来宾北	109.24433	23.752318
2283	绿博园	113.933626	34.779816
2284	隆昌北	105.290718	29.465548
2287	老城镇	110.1183	19.933182
2288	龙洞堡	106.800166	26.540663
2289	乐都南	102.391055	36.467881
2290	娄底南	112.014617	27.664025
2291	乐东	108.938487	18.444578
2292	离堆公园	103.623842	30.993479
2293	陆丰	115.733394	22.948045
2295	临汾西	111.465625	36.10192
2296	临高南	109.759084	19.86812
2297	滦河	118.672098	39.853857
2298	漯河西	113.963272	33.57242
2299	罗江东	104.53479	31.304001
2301	龙里北	106.966014	26.468258
2302	醴陵东	113.578001	27.714875
2304	灵石东	111.915775	36.879565
2305	乐山	103.712707	29.601903
2307	溧水	119.096321	31.679117
2308	洛湾三江	106.776131	26.663016
2309	莱西北	120.530274	36.823431
2310	溧阳	119.503032	31.385949
2312	柳园南	95.472128	41.101883
2313	鹿寨北	109.654372	24.640063
2315	临泽南	100.124368	39.133935
2316	马鞍山东	118.539641	31.692103
2317	明港东	114.065865	32.487702
2320	民乐	100.838905	38.473704
2322	牟平	121.650993	37.423621
2323	闽清北	118.876987	26.287114
2324	眉山东	103.82383	30.066217
2325	庙山	114.373545	30.412865
2326	门源	101.528072	37.426864
2328	孟庄	113.836997	34.585068
2331	南曹	113.7812	34.730081
2333	南城	116.617534	27.563706
2334	南昌西	115.79231	28.622736
2335	南芬北	123.744646	41.133175
2336	南丰	116.601455	27.286084
2337	南湖东	114.380981	30.467052
2338	内江北	105.084729	29.609297
2339	南江	106.973572	26.894096
2340	南江口	111.78823	23.119324
2341	南陵	118.297666	30.835767
2343	南宁东	108.413702	22.842626
2345	南平北	118.273063	26.59076
2348	南阳寨	113.617422	34.814483
2349	普安	104.908563	25.798825
2354	皮口	122.360907	39.408602
2355	普宁	116.199305	23.266845
2356	平南南	110.431941	23.417721
2357	彭山北	103.86086	30.207796
2359	萍乡北	113.84891	27.683842
2360	平遥古城	112.149994	37.155836
2361	彭州	103.924866	30.978838
2362	青白江东	104.223955	30.895583
2363	青岛北	120.374588	36.169638
2364	祁东	112.065915	26.759421
2365	青堆	121.917394	41.451995
2367	青莲	104.701562	31.671194
2368	齐齐哈尔南	123.970786	47.28468
2369	清水北	99.098069	39.374412
2370	青神	103.770608	29.848211
2371	岐山	107.613287	34.274027
2372	庆盛	113.491517	22.866261
2374	祁县东	112.357849	37.323331
2376	祁阳	111.832162	26.609848
2377	全州南	111.041791	25.953114
2378	棋子湾	108.807959	19.337512
2380	荣昌北	105.636334	29.433314
2381	荣成	122.407906	37.144687
2383	榕江	108.555522	25.988312
2385	饶平	116.93261	23.711767
2386	宋城路	114.284089	34.785525
2388	邵东	111.747817	27.274257
2389	三都县	107.816384	26.07655
2390	胜芳	116.760485	39.138998
2391	双峰北	112.014686	27.563164
2394	三江南	109.576539	25.726281
2396	双流机场	103.956402	30.569186
2397	双流西	103.919032	30.542769
2398	三明北	117.806368	26.375696
2399	山坡东	114.359939	30.086227
2402	鄯善北	90.195699	42.918764
2403	三水南	112.871325	23.114135
2404	韶山南	112.547493	27.887844
2405	三穗	108.651069	26.964327
2407	汕尾	115.42874	22.810787
2408	歙县北	118.410414	29.921731
2409	绍兴北	120.538062	30.099334
2413	邵阳北	111.504388	27.572483
2414	上虞北	120.853008	30.054717
2417	沈阳南	123.407885	41.668499
2418	深圳北	114.02887	22.609235
2419	神州	110.307973	18.724602
2420	深圳坪山	114.327024	22.707696
2422	石柱县	108.097205	29.965833
2423	桃村北	121.146658	37.211731
2424	田东北	107.141483	23.683067
2425	土地堂东	114.337996	30.212615
2426	太谷西	112.509249	37.448455
2427	吐哈	90.53177	43.060743
2430	吐鲁番北	89.110484	43.022534
2431	铜陵北	118.021423	31.013145
2432	泰宁	117.153289	26.926797
2433	铜仁南	108.981046	27.282405
2434	汤逊湖	114.384909	30.44552
2435	藤县	110.987021	23.334843
2436	太原南	112.610933	37.791672
2437	通远堡西	123.916811	40.778917
2438	文登东	122.258125	37.241135
2439	五府山	118.045896	28.227687
2441	威海北	122.048164	37.496774
2442	五龙背东	124.287007	40.264482
2443	乌龙泉南	114.345162	30.256809
2446	无为	117.968432	31.30457
2447	瓦屋山	119.274118	31.558808
2448	闻喜西	111.179446	35.336545
2449	武义北	119.848704	28.982558
2450	武夷山北	118.045197	27.777974
2451	武夷山东	118.094107	27.472708
2452	婺源	117.87738	29.239097
2453	武陟	113.451273	35.088723
2454	梧州南	111.222079	23.393494
2455	兴安北	110.667488	25.673368
2456	许昌东	113.88643	34.04807
2458	新都东	104.193518	30.799823
2460	襄汾西	111.336418	35.838595
2461	孝感北	114.221842	31.586398
2462	新化南	111.160652	27.655542
2463	新晃西	109.126094	27.380251
2464	新津	103.870908	30.465489
2465	新津南	103.858086	30.349217
2466	咸宁东	114.344888	29.866169
2467	咸宁南	114.305863	29.837004
2468	溆浦南	110.59285	27.604727
2469	湘潭北	112.94238	27.964689
2470	邢台东	114.591209	37.091882
2472	修武西	113.425185	35.210799
2473	新乡东	113.979001	35.314324
2474	新余北	114.896673	27.912147
2476	信阳东	114.160429	32.143908
2477	咸阳秦都	108.667045	34.331401
2478	仙游	118.87177	25.250285
2479	新郑机场	113.848198	34.526219
2480	迎宾路	103.641069	30.98086
2481	运城北	110.984681	35.099503
2482	永川东	105.948833	29.371054
2483	宜春	114.436214	27.788578
2484	岳池	106.470821	30.536892
2485	云浮东	112.1389	23.012411
2486	永福南	109.999291	24.998671
2489	永济北	110.424626	35.028019
2490	弋江	118.378982	31.249214
2491	于家堡	117.68496	39.004245
2492	延吉西	129.415056	42.904383
2493	永康南	120.031306	28.849055
2496	杨陵南	108.053149	34.253937
2497	郁南	111.469954	23.245811
2499	阳朔	110.568201	24.959715
2500	玉山南	118.29335	28.647082
2501	银滩	117.027839	28.23545
2502	永泰	118.934424	25.848698
2503	鹰潭北	117.038723	28.30569
2504	烟台南	121.392158	37.432308
2505	尤溪	118.1417	26.166945
2506	云霄	117.361905	23.891284
2507	宜兴	119.813704	31.312218
2511	余姚北	121.168082	30.097033
2512	诏安	117.0976	23.772125
2513	正定机场	114.70934	38.252036
2514	纸坊东	114.345171	30.353792
2515	庄河北	122.934257	39.726149
2518	芷江	109.659124	27.455716
2521	左岭	114.609881	30.499653
2522	驻马店西	113.978624	33.000461
2523	漳浦	117.563179	24.09638
2524	肇庆东	112.662666	23.213382
2525	庄桥	121.535366	29.92345
2526	钟山西	111.332216	24.552388
2527	资阳北	104.682573	30.125461
2528	张掖西	100.42797	38.923236
2529	资中北	104.871981	29.79665
2530	涿州东	116.053207	39.45966
2531	卓资东	112.627375	40.926198
2532	郑州东	113.778851	34.759462
10001	春申	121.354193	31.079416
10002	新桥	121.323057	31.058825
10003	车墩	121.320586	31.005134
10004	叶榭	121.329533	30.940374
10005	亭林	121.358483	30.894812
10006	金山园区	121.36745	30.829967
10007	金山卫	121.362685	30.72823
